(10000,1,5029,5035,5036,5042,5053)
(10001,1,5030,5041,5052)
(10002,4,5016,5027,5038,5049)
(10003,2,5052,5046,5040,5029,5018,5012,5011)
(10004,4,5035,5029,5018,5012,5006)
(10005,4,5028,5017,5006)
(10006,1,5029,5018,5012,5006)
(10007,5,5031,5020,5014,5013,5012,5006)
(10008,1,5049,5038,5027,5016,5005)
(10009,1,5043,5037,5031,5025,5019,5013,5012)
(10010,5,5051,5045,5039,5028,5017,5006)
(10011,5,5029,5040,5051)
(10012,1,5029,5018,5012,5006)
(10013,5,5053,5042,5037,5032,5021)
(10014,5,5025,5031,5042,5053,5059)
(10015,5,5000,5006,5017,5028,5039,5045,5046)
(10016,4,5035,5029,5018,5012,5011,5005)
(10017,1,5018,5023,5028,5039,5050)
(10018,3,5027,5038,5049)
(10019,4,5029,5035,5036,5042,5053)
(10020,1,5040,5029,5018,5013,5008,5003)
(10021,3,5015,5020,5031,5042,5053)
(10022,5,5008,5019,5025,5031,5037,5043)
(10023,1,5029,5018,5012,5006)
(10024,1,5044,5039,5034,5029,5018,5013,5014,5009)
(10025,3,5053,5042,5031,5025)
(10026,4,5044,5038,5027,5016)
(10027,4,5032,5043,5054)
(10028,2,5008,5019,5025,5031,5042,5053)
(10029,4,5032,5043,5054)
(10030,3,5039,5028,5017,5006)
(10031,1,5050,5039,5034,5029,5018,5013,5014,5009)
(10032,4,5017,5028,5039,5050,5056,5057)
(10033,2,5057,5058,5053,5042,5031,5020,5009,5004)
(10034,2,5006,5012,5013,5019,5025,5031)
(10035,1,5005,5016,5027)
(10036,1,5016,5027,5038,5044,5050)
(10037,3,5027,5016,5005)
(10038,2,5053,5042,5037,5032,5021,5010)
(10039,4,5020,5031,5042,5053,5059)
(10040,5,5049,5044,5039,5028,5023,5018,5013,5014,5015,5010)
(10041,3,5030,5041,5052)
(10042,3,5049,5044,5039,5028,5023,5018)
(10043,4,5040,5029,5018)
(10044,3,5031,5020,5014,5013,5012,5006)
(10045,3,5006,5012,5013,5019,5025,5031,5042)
(10046,5,5035,5029,5018,5012,5011,5005)
(10047,3,5030,5041,5052)
(10048,3,5005,5016,5027,5038,5049)
(10049,4,5008,5019,5025,5031)
(10050,2,5029,5040,5051,5057)
(10051,5,5013,5014,5020,5031,5042,5048)
(10052,2,5028,5039,5050)
(10053,4,5013,5014,5020,5031,5042,5048)
(10054,2,5012,5013,5019,5025,5031,5042,5053)
(10055,5,5006,5012,5018,5029,5035)
(10056,4,5025,5031,5042,5053)
(10057,2,5049,5044,5039,5028,5023,5018,5013)
(10058,5,5037,5031,5025,5019,5008)
(10059,5,5008,5019,5025,5031,5042)
(10060,4,5028,5039,5050,5056,5057,5058,5059)
(10061,2,5015,5020,5031,5042,5053,5058)
(10062,2,5008,5019,5030)
(10063,4,5027,5038,5044,5050,5056)
(10064,5,5031,5020,5014,5013,5012,5006,5000)
(10065,2,5007,5018,5023,5028,5039,5044,5049)
(10066,2,5053,5042,5031,5025,5019,5013,5012,5011)
(10067,1,5032,5043,5054)
(10068,4,5004,5009,5020,5031,5042,5053,5058,5057)
(10069,1,5018,5023,5028,5039,5050)
(10070,5,5025,5031,5042,5053,5059)
(10071,4,5053,5042,5031,5025)
(10072,1,5052,5046,5040,5029,5018,5012,5006)
(10073,3,5031,5020,5014,5013,5012,5006)
(10074,3,5051,5045,5039,5028)
(10075,5,5031,5042,5053,5059)
(10076,3,5051,5045,5039,5028,5017,5006)
(10077,1,5007,5018,5029,5040)
(10078,4,5007,5018,5023,5028,5039,5050)
(10079,5,5029,5040,5051,5057)
(10080,3,5037,5031,5025,5019,5013,5012,5006)
(10081,3,5013,5019,5030,5041)
(10082,1,5045,5039,5028,5017,5006,5000)
(10083,3,5054,5043,5032,5021,5010)
(10084,1,5014,5015,5021,5032,5043)
(10085,1,5058,5053,5042,5031,5020,5015)
(10086,3,5044,5039,5034,5029,5018,5007)
(10087,1,5029,5018,5012,5006,5000)
(10088,3,5032,5043,5054)
(10089,5,5035,5029,5018,5007)
(10090,3,5008,5019,5025,5031)
(10091,1,5053,5042,5031,5020,5009)
(10092,4,5045,5044,5038,5027,5016)
(10093,3,5027,5016,5005)
(10094,5,5030,5019,5008)
(10095,3,5032,5021,5010)
(10096,3,5057,5056,5050,5039,5028)
(10097,5,5028,5039,5050,5056,5057,5058)
(10098,1,5021,5032,5043)
(10099,1,5054,5043,5032,5021)
(10100,1,5028,5039,5050)
(10101,2,5017,5028,5039,5050,5055)
(10102,5,5028,5017,5006)
(10103,3,5000,5006,5012,5013,5014,5020,5031,5042,5053,5059)
(10104,3,5018,5029,5040,5051)
(10105,2,5025,5031,5042,5053,5059)
(10106,5,5044,5038,5027,5016)
(10107,3,5009,5020,5031,5042,5053,5058,5057)
(10108,2,5038,5027,5016)
(10109,5,5028,5039,5050)
(10110,2,5015,5021,5032,5043)
(10111,2,5050,5039,5034,5029,5018,5013)
(10112,4,5031,5042,5053,5059)
(10113,4,5044,5039,5034,5029,5018,5013,5014,5009)
(10114,2,5011,5012,5013,5014,5015,5021,5032,5043)
(10115,4,5006,5017,5028,5039)
(10116,2,5046,5045,5039,5028,5017,5006)
(10117,2,5028,5039,5050,5056)
(10118,2,5016,5027,5038,5044)
(10119,2,5039,5028,5017,5006,5000)
(10120,4,5028,5017,5006)
(10121,4,5051,5045,5039,5028,5022,5016)
(10122,2,5017,5028,5039,5050,5055)
(10123,4,5053,5042,5031,5020)
(10124,2,5041,5030,5019,5008,5003)
(10125,2,5014,5020,5031,5042,5053)
(10126,5,5009,5020,5031,5042,5053)
(10127,1,5028,5017,5006)
#(carId,StartTime,RoadId...)
