time:409
(5000,forward,[[12243,-1,-1,-1,-1,-1,-1,-1,14129,-1,-1,-1,],[-1,-1,-1,-1,-1,-1,-1,-1,-1,-1,-1,-1,],[-1,-1,-1,-1,-1,-1,-1,-1,-1,-1,-1,-1,],[-1,-1,-1,-1,-1,-1,-1,-1,-1,-1,-1,-1,],])
(5000,backward,[[-1,-1,-1,-1,-1,-1,-1,-1,-1,-1,-1,-1,],[-1,-1,-1,-1,-1,-1,-1,-1,-1,-1,-1,-1,],[-1,-1,-1,-1,-1,-1,-1,-1,-1,-1,-1,-1,],[-1,-1,-1,-1,-1,-1,-1,-1,-1,-1,-1,-1,],])
(5001,forward,[[11676,-1,-1,-1,-1,-1,-1,-1,-1,-1,-1,-1,13617,-1,11370,-1,11508,13434,],[-1,-1,-1,-1,-1,-1,-1,-1,-1,-1,-1,-1,-1,-1,-1,-1,-1,-1,],[-1,-1,-1,-1,-1,-1,-1,-1,-1,-1,-1,-1,-1,-1,-1,-1,-1,-1,],[-1,-1,-1,-1,-1,-1,-1,-1,-1,-1,-1,-1,-1,-1,-1,-1,-1,-1,],[-1,-1,-1,-1,-1,-1,-1,-1,-1,-1,-1,-1,-1,-1,-1,-1,-1,-1,],])
(5001,backward,[[-1,-1,11957,-1,-1,-1,-1,-1,-1,-1,-1,-1,11128,12463,-1,-1,-1,-1,],[-1,-1,-1,-1,-1,-1,-1,-1,-1,-1,-1,-1,-1,-1,-1,-1,-1,-1,],[-1,-1,-1,-1,-1,-1,-1,-1,-1,-1,-1,-1,-1,-1,-1,-1,-1,-1,],[-1,-1,-1,-1,-1,-1,-1,-1,-1,-1,-1,-1,-1,-1,-1,-1,-1,-1,],[-1,-1,-1,-1,-1,-1,-1,-1,-1,-1,-1,-1,-1,-1,-1,-1,-1,-1,],])
(5002,forward,[[-1,-1,-1,-1,-1,-1,-1,-1,-1,-1,-1,-1,-1,-1,-1,-1,-1,-1,-1,-1,],])
(5002,backward,[[-1,-1,-1,-1,-1,11213,10609,14162,-1,-1,-1,-1,-1,-1,-1,-1,-1,15281,17650,-1,],])
(5003,forward,[[-1,-1,10923,-1,-1,-1,19089,-1,14887,-1,-1,-1,16186,19689,-1,-1,-1,-1,-1,-1,],[-1,-1,-1,-1,-1,-1,-1,-1,-1,-1,-1,-1,-1,-1,-1,-1,-1,-1,-1,-1,],])
(5003,backward,[[-1,-1,-1,-1,-1,-1,-1,-1,-1,-1,-1,-1,-1,-1,10224,-1,-1,-1,-1,-1,],[-1,-1,-1,-1,-1,-1,-1,-1,-1,-1,-1,-1,-1,-1,-1,-1,-1,-1,-1,-1,],])
(5004,forward,[[-1,-1,-1,-1,-1,-1,-1,-1,-1,-1,-1,-1,-1,-1,-1,],])
(5004,backward,[[-1,-1,-1,-1,-1,-1,-1,-1,-1,-1,-1,-1,-1,-1,-1,],])
(5005,forward,[[-1,-1,-1,-1,-1,-1,-1,-1,-1,-1,-1,-1,-1,-1,-1,-1,-1,-1,],])
(5005,backward,[[-1,-1,-1,-1,-1,-1,-1,-1,-1,-1,-1,-1,-1,-1,-1,-1,-1,-1,],])
(5006,forward,[[18797,10231,15963,16313,-1,-1,-1,-1,12825,-1,14914,-1,],[-1,-1,-1,-1,-1,-1,-1,-1,-1,-1,-1,-1,],])
(5006,backward,[[-1,-1,-1,-1,-1,11834,-1,-1,-1,13484,-1,-1,],[-1,-1,-1,-1,-1,-1,-1,-1,-1,-1,-1,-1,],])
(5007,forward,[[-1,-1,-1,-1,-1,-1,-1,-1,-1,-1,-1,-1,],[-1,-1,-1,-1,-1,-1,-1,-1,-1,-1,-1,-1,],])
(5007,backward,[[-1,-1,16139,10185,11827,14557,16031,-1,-1,-1,12459,17130,],[-1,-1,-1,-1,-1,-1,-1,-1,-1,-1,-1,-1,],])
(5008,forward,[[-1,-1,-1,-1,11479,-1,-1,-1,-1,-1,-1,-1,-1,-1,-1,-1,-1,-1,-1,-1,],[-1,-1,-1,-1,-1,-1,-1,-1,-1,-1,-1,-1,-1,-1,-1,-1,-1,-1,-1,-1,],[-1,-1,-1,-1,-1,-1,-1,-1,-1,-1,-1,-1,-1,-1,-1,-1,-1,-1,-1,-1,],[-1,-1,-1,-1,-1,-1,-1,-1,-1,-1,-1,-1,-1,-1,-1,-1,-1,-1,-1,-1,],[-1,-1,-1,-1,-1,-1,-1,-1,-1,-1,-1,-1,-1,-1,-1,-1,-1,-1,-1,-1,],])
(5008,backward,[[-1,-1,-1,-1,-1,-1,-1,-1,-1,-1,-1,-1,-1,-1,-1,-1,-1,-1,-1,-1,],[-1,-1,-1,-1,-1,-1,-1,-1,-1,-1,-1,-1,-1,-1,-1,-1,-1,-1,-1,-1,],[-1,-1,-1,-1,-1,-1,-1,-1,-1,-1,-1,-1,-1,-1,-1,-1,-1,-1,-1,-1,],[-1,-1,-1,-1,-1,-1,-1,-1,-1,-1,-1,-1,-1,-1,-1,-1,-1,-1,-1,-1,],[-1,-1,-1,-1,-1,-1,-1,-1,-1,-1,-1,-1,-1,-1,-1,-1,-1,-1,-1,-1,],])
(5009,forward,[[-1,-1,-1,-1,14431,-1,-1,-1,14234,16733,12805,-1,],[-1,-1,-1,-1,-1,-1,-1,-1,-1,-1,-1,-1,],[-1,-1,-1,-1,-1,-1,-1,-1,-1,-1,-1,-1,],])
(5009,backward,[[11293,-1,-1,-1,-1,-1,-1,10961,-1,-1,-1,10306,],[-1,-1,-1,16413,-1,-1,-1,-1,-1,-1,-1,-1,],[-1,-1,-1,-1,-1,-1,-1,-1,-1,-1,-1,-1,],])
(5010,forward,[[16127,-1,-1,-1,-1,-1,-1,-1,-1,-1,-1,-1,-1,-1,-1,-1,10566,-1,],[-1,-1,-1,-1,-1,-1,-1,-1,-1,-1,-1,-1,-1,-1,-1,-1,-1,-1,],])
(5010,backward,[[-1,-1,-1,-1,12082,-1,-1,-1,18296,11203,-1,11780,15515,-1,-1,-1,10188,-1,],[-1,-1,-1,-1,-1,-1,-1,-1,-1,-1,-1,-1,-1,-1,-1,-1,-1,-1,],])
(5011,forward,[[11601,-1,-1,-1,12118,-1,-1,-1,17723,-1,13911,-1,],])
(5011,backward,[[19991,-1,-1,-1,-1,-1,-1,-1,16389,-1,-1,19554,],])
(5012,forward,[[-1,-1,-1,11656,-1,-1,-1,-1,-1,19013,-1,11425,-1,-1,-1,],[-1,-1,-1,-1,-1,-1,-1,-1,-1,-1,-1,-1,-1,-1,-1,],[-1,-1,-1,-1,-1,-1,-1,-1,-1,-1,-1,-1,-1,-1,-1,],[-1,-1,-1,-1,-1,-1,-1,-1,-1,-1,-1,-1,-1,-1,-1,],[-1,-1,-1,-1,-1,-1,-1,-1,-1,-1,-1,-1,-1,-1,-1,],])
(5012,backward,[[-1,-1,-1,-1,-1,14548,-1,-1,-1,-1,-1,-1,12026,12603,-1,],[-1,-1,-1,-1,-1,-1,-1,-1,-1,-1,-1,-1,-1,-1,-1,],[-1,-1,-1,-1,-1,-1,-1,-1,-1,-1,-1,-1,-1,-1,-1,],[-1,-1,-1,-1,-1,-1,-1,-1,-1,-1,-1,-1,-1,-1,-1,],[-1,-1,-1,-1,-1,-1,-1,-1,-1,-1,-1,-1,-1,-1,-1,],])
(5013,forward,[[-1,-1,-1,-1,-1,-1,-1,-1,13277,-1,-1,-1,-1,-1,12249,-1,13641,-1,],])
(5013,backward,[[-1,15216,-1,-1,-1,-1,-1,-1,-1,-1,-1,-1,-1,-1,-1,-1,18163,-1,],])
(5014,forward,[[13809,-1,10116,-1,-1,-1,-1,-1,-1,-1,-1,-1,-1,-1,-1,-1,-1,-1,],[-1,-1,-1,-1,-1,-1,-1,-1,-1,-1,-1,-1,-1,-1,-1,-1,-1,-1,],])
(5014,backward,[[-1,-1,-1,13153,13994,-1,-1,-1,-1,-1,-1,18882,-1,-1,-1,20135,-1,-1,],[-1,-1,-1,-1,-1,-1,-1,-1,-1,-1,-1,-1,-1,-1,-1,-1,-1,-1,],])
(5015,forward,[[13514,-1,-1,-1,-1,-1,-1,16912,-1,-1,],[-1,-1,-1,-1,-1,-1,-1,-1,-1,-1,],[-1,-1,-1,-1,-1,-1,-1,-1,-1,-1,],[-1,-1,-1,-1,-1,-1,-1,-1,-1,-1,],])
(5015,backward,[[-1,-1,-1,-1,-1,13456,16272,-1,-1,11383,],[-1,-1,-1,-1,-1,-1,-1,-1,-1,11904,],[-1,-1,-1,-1,-1,-1,-1,-1,-1,-1,],[-1,-1,-1,-1,-1,-1,-1,-1,-1,-1,],])
(5016,forward,[[-1,-1,-1,-1,-1,15614,13586,13555,18107,-1,14117,-1,],[-1,-1,-1,-1,-1,-1,-1,-1,-1,-1,-1,-1,],[-1,-1,-1,-1,-1,-1,-1,-1,-1,-1,-1,-1,],[-1,-1,-1,-1,-1,-1,-1,-1,-1,-1,-1,-1,],])
(5016,backward,[[11734,19064,15108,-1,14265,18524,-1,-1,12592,-1,14319,20059,],[-1,-1,-1,-1,-1,15767,-1,-1,-1,-1,-1,-1,],[-1,-1,-1,-1,-1,-1,-1,-1,-1,-1,-1,-1,],[-1,-1,-1,-1,-1,-1,-1,-1,-1,-1,-1,-1,],])
(5017,forward,[[13286,-1,-1,-1,-1,-1,-1,-1,-1,-1,-1,11625,-1,-1,-1,-1,-1,-1,],])
(5018,forward,[[15258,-1,-1,-1,18765,18902,-1,19998,-1,-1,-1,19542,12210,-1,11157,],[-1,-1,-1,-1,-1,-1,-1,-1,-1,-1,-1,-1,-1,-1,-1,],[-1,-1,-1,-1,-1,-1,-1,-1,-1,-1,-1,-1,-1,-1,-1,],[-1,-1,-1,-1,-1,-1,-1,-1,-1,-1,-1,-1,-1,-1,-1,],])
(5018,backward,[[-1,-1,-1,-1,-1,-1,-1,-1,-1,-1,-1,-1,-1,-1,-1,],[-1,-1,-1,-1,-1,-1,-1,-1,-1,-1,-1,-1,-1,-1,-1,],[-1,-1,-1,-1,-1,-1,-1,-1,-1,-1,-1,-1,-1,-1,-1,],[-1,-1,-1,-1,-1,-1,-1,-1,-1,-1,-1,-1,-1,-1,-1,],])
(5019,forward,[[10443,-1,11799,16435,-1,-1,-1,-1,-1,10576,10360,12174,],[18858,-1,-1,-1,-1,-1,-1,-1,-1,-1,-1,-1,],[-1,-1,-1,-1,-1,-1,-1,-1,-1,-1,-1,-1,],])
(5019,backward,[[11548,10755,-1,18007,15343,19786,-1,-1,-1,-1,-1,-1,],[-1,11414,-1,18116,-1,-1,-1,-1,16917,19441,-1,-1,],[-1,17145,-1,16550,-1,-1,-1,-1,-1,-1,-1,-1,],])
(5020,forward,[[-1,-1,-1,-1,11162,-1,-1,-1,-1,11449,],[18659,-1,-1,-1,-1,-1,-1,-1,19922,-1,],])
(5020,backward,[[-1,-1,-1,18689,-1,13088,17882,-1,-1,11494,],[-1,-1,17238,-1,14473,14130,-1,-1,14187,17267,],])
(5021,forward,[[-1,-1,-1,-1,-1,-1,-1,-1,-1,-1,-1,-1,16314,-1,-1,],[-1,-1,-1,-1,-1,-1,-1,-1,-1,-1,-1,-1,-1,-1,-1,],[-1,-1,-1,-1,-1,-1,-1,-1,-1,-1,-1,-1,-1,-1,-1,],[-1,-1,-1,-1,-1,-1,-1,-1,-1,-1,-1,-1,-1,-1,-1,],])
(5021,backward,[[-1,-1,-1,-1,-1,-1,-1,12391,-1,-1,-1,15426,-1,-1,-1,],[-1,-1,-1,-1,-1,-1,-1,-1,-1,-1,-1,-1,-1,-1,-1,],[-1,-1,-1,-1,-1,-1,-1,-1,-1,-1,-1,-1,-1,-1,-1,],[-1,-1,-1,-1,-1,-1,-1,-1,-1,-1,-1,-1,-1,-1,-1,],])
(5022,forward,[[-1,-1,17756,-1,-1,-1,16317,14380,14793,19350,-1,-1,],[-1,-1,-1,-1,-1,-1,15751,-1,-1,-1,-1,-1,],[-1,-1,-1,-1,-1,-1,-1,-1,-1,-1,-1,-1,],[-1,-1,-1,-1,-1,-1,-1,-1,-1,-1,-1,-1,],])
(5022,backward,[[-1,-1,10909,17837,11860,-1,17312,-1,17404,15724,12360,18826,],[-1,-1,-1,-1,-1,-1,-1,-1,-1,-1,-1,-1,],[-1,-1,-1,-1,-1,-1,-1,-1,-1,-1,-1,-1,],[-1,-1,-1,-1,-1,-1,-1,-1,-1,-1,-1,-1,],])
(5023,forward,[[-1,-1,-1,-1,-1,-1,-1,-1,-1,-1,-1,-1,-1,-1,-1,-1,-1,-1,-1,-1,],[-1,-1,-1,-1,-1,-1,-1,-1,-1,-1,-1,-1,-1,-1,-1,-1,-1,-1,-1,-1,],])
(5023,backward,[[-1,-1,-1,-1,-1,-1,-1,-1,-1,-1,-1,-1,-1,-1,-1,-1,-1,-1,-1,-1,],[-1,-1,-1,-1,-1,-1,-1,-1,-1,-1,-1,-1,-1,-1,-1,-1,-1,-1,-1,-1,],])
(5024,forward,[[13836,13490,-1,-1,19411,-1,-1,-1,-1,-1,16651,14008,11337,-1,-1,-1,19741,-1,],[10832,-1,-1,-1,-1,-1,-1,-1,-1,-1,-1,-1,-1,-1,-1,-1,-1,-1,],[-1,-1,-1,-1,-1,-1,-1,-1,-1,-1,-1,-1,-1,-1,-1,-1,-1,-1,],])
(5024,backward,[[10373,16847,-1,12821,14583,13119,17596,18812,-1,17513,10156,17391,11973,12143,10689,20081,10321,10240,],[13077,10888,16730,-1,-1,13441,-1,-1,-1,17041,-1,18422,12394,10720,-1,13631,11873,-1,],[11994,-1,-1,13110,-1,11350,-1,-1,-1,19552,-1,15591,-1,17315,-1,11616,-1,-1,],])
(5025,forward,[[-1,-1,-1,-1,-1,-1,-1,-1,-1,-1,-1,-1,-1,-1,11524,-1,20179,-1,11819,-1,],])
(5025,backward,[[14205,14414,15493,14327,18164,10046,12023,16138,20133,16120,15850,19203,19851,-1,11428,-1,-1,-1,18201,12586,],])
(5026,forward,[[17121,15773,-1,11549,11797,17216,-1,15062,20236,18568,10220,10667,16966,10311,12055,],])
(5027,forward,[[12439,-1,-1,-1,19458,-1,-1,-1,17938,-1,-1,-1,13882,10125,13185,15074,-1,11149,],])
(5027,backward,[[16434,13466,-1,-1,12078,18998,12048,-1,-1,-1,11314,-1,19008,19835,12787,12789,15113,19586,],])
(5028,forward,[[12171,-1,15043,-1,18641,18298,13776,13980,15516,19407,13001,13400,10764,-1,-1,-1,-1,-1,],[-1,-1,-1,-1,-1,14257,-1,-1,-1,-1,-1,-1,-1,-1,-1,-1,-1,-1,],[-1,-1,-1,-1,-1,-1,-1,-1,-1,-1,-1,-1,-1,-1,-1,-1,-1,-1,],])
(5028,backward,[[-1,-1,16735,17416,11455,-1,-1,-1,12924,-1,-1,15887,16601,-1,18456,-1,18729,14035,],[-1,-1,-1,-1,-1,-1,-1,-1,-1,-1,-1,-1,-1,-1,-1,-1,-1,-1,],[-1,-1,-1,-1,-1,-1,-1,-1,-1,-1,-1,-1,-1,-1,-1,-1,-1,-1,],])
(5029,forward,[[-1,-1,-1,12161,13455,-1,-1,-1,-1,-1,-1,19011,-1,13686,-1,],[-1,-1,-1,14934,-1,-1,-1,-1,-1,-1,-1,-1,-1,-1,-1,],])
(5029,backward,[[-1,-1,-1,-1,-1,16888,17040,-1,-1,-1,17179,-1,-1,10099,12215,],[-1,-1,-1,-1,-1,-1,-1,-1,-1,-1,-1,-1,-1,-1,-1,],])
(5030,forward,[[10513,17989,17616,16922,-1,-1,12776,12162,15148,15376,],[-1,-1,-1,-1,-1,-1,-1,-1,-1,-1,],[-1,-1,-1,-1,-1,-1,-1,-1,-1,-1,],])
(5030,backward,[[-1,-1,-1,-1,-1,-1,-1,-1,-1,-1,],[-1,-1,-1,-1,-1,-1,-1,-1,-1,-1,],[-1,-1,-1,-1,-1,-1,-1,-1,-1,-1,],])
(5031,forward,[[15689,-1,16627,-1,-1,-1,-1,-1,-1,13045,-1,-1,],[-1,-1,-1,-1,-1,-1,-1,-1,-1,-1,-1,-1,],[-1,-1,-1,-1,-1,-1,-1,-1,-1,-1,-1,-1,],[-1,-1,-1,-1,-1,-1,-1,-1,-1,-1,-1,-1,],[-1,-1,-1,-1,-1,-1,-1,-1,-1,-1,-1,-1,],])
(5031,backward,[[19430,15291,19079,12585,19929,10437,19749,-1,16083,19372,13170,11089,],[-1,-1,-1,-1,18325,10011,-1,-1,-1,-1,-1,-1,],[-1,-1,-1,-1,-1,-1,-1,-1,-1,-1,-1,-1,],[-1,-1,-1,-1,-1,-1,-1,-1,-1,-1,-1,-1,],[-1,-1,-1,-1,-1,-1,-1,-1,-1,-1,-1,-1,],])
(5032,forward,[[-1,-1,-1,-1,-1,-1,-1,-1,-1,-1,-1,-1,-1,-1,-1,],[-1,-1,-1,-1,-1,-1,-1,-1,-1,-1,-1,-1,-1,-1,-1,],[-1,-1,-1,-1,-1,-1,-1,-1,-1,-1,-1,-1,-1,-1,-1,],[-1,-1,-1,-1,-1,-1,-1,-1,-1,-1,-1,-1,-1,-1,-1,],])
(5032,backward,[[-1,-1,12226,13757,-1,16066,-1,-1,10258,-1,-1,-1,18263,12885,13887,],[-1,-1,-1,-1,-1,-1,-1,-1,-1,-1,-1,-1,-1,-1,-1,],[-1,-1,-1,-1,-1,-1,-1,-1,-1,-1,-1,-1,-1,-1,-1,],[-1,-1,-1,-1,-1,-1,-1,-1,-1,-1,-1,-1,-1,-1,-1,],])
(5033,forward,[[14322,17395,18885,-1,-1,-1,11378,-1,-1,-1,-1,-1,19444,-1,17736,-1,-1,-1,-1,-1,],[-1,-1,-1,-1,-1,-1,-1,-1,-1,-1,-1,-1,-1,-1,-1,-1,-1,-1,-1,-1,],[-1,-1,-1,-1,-1,-1,-1,-1,-1,-1,-1,-1,-1,-1,-1,-1,-1,-1,-1,-1,],[-1,-1,-1,-1,-1,-1,-1,-1,-1,-1,-1,-1,-1,-1,-1,-1,-1,-1,-1,-1,],[-1,-1,-1,-1,-1,-1,-1,-1,-1,-1,-1,-1,-1,-1,-1,-1,-1,-1,-1,-1,],])
(5033,backward,[[-1,-1,-1,-1,-1,-1,12718,11322,-1,-1,-1,13264,13105,-1,-1,18651,-1,-1,-1,-1,],[-1,-1,-1,-1,-1,-1,-1,-1,-1,-1,-1,-1,-1,-1,-1,-1,-1,-1,-1,-1,],[-1,-1,-1,-1,-1,-1,-1,-1,-1,-1,-1,-1,-1,-1,-1,-1,-1,-1,-1,-1,],[-1,-1,-1,-1,-1,-1,-1,-1,-1,-1,-1,-1,-1,-1,-1,-1,-1,-1,-1,-1,],[-1,-1,-1,-1,-1,-1,-1,-1,-1,-1,-1,-1,-1,-1,-1,-1,-1,-1,-1,-1,],])
(5034,forward,[[11687,13336,-1,-1,-1,-1,17071,-1,-1,-1,],[-1,-1,-1,-1,-1,-1,-1,-1,-1,-1,],])
(5034,backward,[[12452,-1,15394,-1,13147,-1,-1,-1,15318,-1,],[-1,-1,-1,-1,-1,-1,-1,-1,-1,-1,],])
(5035,forward,[[19528,17120,-1,-1,-1,-1,14782,-1,-1,-1,-1,-1,-1,-1,-1,-1,-1,-1,],[-1,-1,-1,-1,-1,-1,-1,-1,-1,-1,-1,-1,-1,-1,-1,-1,-1,-1,],])
(5035,backward,[[18433,-1,13921,-1,18357,10446,11959,12824,18120,13310,18935,13868,13919,15190,13439,18158,14250,17998,],[-1,18266,-1,-1,10801,11856,12943,13037,13906,20162,-1,-1,-1,-1,10352,-1,-1,-1,],])
(5036,forward,[[-1,-1,-1,-1,-1,-1,12103,-1,12542,19527,12818,-1,13180,15876,13760,-1,16162,-1,10738,-1,],[12716,14079,-1,-1,14947,-1,19865,14260,11273,-1,-1,-1,18496,-1,-1,-1,-1,-1,-1,-1,],[-1,-1,-1,-1,-1,-1,-1,-1,-1,-1,-1,-1,-1,-1,-1,-1,-1,-1,-1,-1,],])
(5037,forward,[[13958,10503,-1,-1,-1,-1,-1,-1,10711,-1,],[15693,13682,17448,-1,15020,11454,13315,-1,-1,-1,],[15141,-1,-1,-1,-1,17004,-1,-1,-1,12583,],[19109,-1,-1,-1,-1,-1,-1,-1,-1,-1,],[-1,-1,-1,-1,-1,-1,-1,-1,-1,-1,],])
(5037,backward,[[18453,18472,-1,11535,17522,14913,16294,15169,15501,-1,],[-1,14484,18680,13717,-1,16782,-1,11230,-1,-1,],[-1,18020,-1,12591,-1,14552,-1,-1,-1,-1,],[-1,-1,-1,-1,-1,-1,-1,-1,-1,-1,],[-1,-1,-1,-1,-1,-1,-1,-1,-1,-1,],])
(5038,forward,[[12600,14852,-1,-1,12848,-1,11753,16248,14680,18459,-1,-1,-1,-1,-1,-1,-1,-1,-1,-1,],])
(5038,backward,[[10297,13499,18897,13875,15619,18510,13759,19556,11688,13884,-1,11882,16441,12369,16624,10636,14545,17899,10196,12755,],])
(5039,forward,[[18176,18183,11955,11444,-1,12761,-1,-1,14619,-1,-1,17405,],[-1,19034,14935,-1,14658,16001,12906,-1,18907,19281,15434,14796,],[-1,-1,-1,-1,-1,14678,-1,-1,13918,10567,20143,-1,],])
(5039,backward,[[-1,-1,13059,17492,11197,19751,11709,20089,10816,19148,-1,-1,],[-1,-1,-1,-1,15551,13250,-1,15812,-1,18982,-1,-1,],[-1,-1,-1,-1,-1,-1,10097,-1,-1,-1,-1,-1,],])
(5040,forward,[[-1,17260,20099,-1,-1,16941,19782,19596,13196,16355,17233,13220,16148,11484,-1,],[-1,-1,-1,12315,16291,-1,14623,-1,-1,19340,-1,-1,-1,-1,-1,],])
(5040,backward,[[14489,-1,13770,10655,13440,10478,17545,-1,14070,12303,10337,12644,-1,-1,16935,],[-1,-1,12717,-1,15545,-1,17520,-1,14815,11978,11979,-1,-1,-1,11174,],])
(5041,forward,[[-1,-1,-1,-1,-1,-1,-1,-1,-1,-1,-1,-1,],[-1,-1,-1,-1,-1,-1,-1,-1,-1,-1,-1,-1,],[-1,-1,-1,-1,-1,-1,-1,-1,-1,-1,-1,-1,],[-1,-1,-1,-1,-1,-1,-1,-1,-1,-1,-1,-1,],])
(5041,backward,[[-1,-1,-1,-1,-1,-1,17118,-1,-1,-1,-1,-1,],[-1,-1,-1,-1,-1,-1,-1,-1,-1,-1,-1,-1,],[-1,-1,-1,-1,-1,-1,-1,-1,-1,-1,-1,-1,],[-1,-1,-1,-1,-1,-1,-1,-1,-1,-1,-1,-1,],])
(5042,forward,[[20051,11321,12733,-1,10745,17268,13296,16599,-1,-1,10149,12800,-1,-1,-1,14027,-1,19376,],[-1,-1,-1,-1,14635,-1,-1,19256,-1,-1,-1,-1,-1,-1,-1,-1,-1,-1,],[-1,-1,-1,-1,-1,-1,-1,-1,-1,-1,-1,-1,-1,-1,-1,-1,-1,-1,],[-1,-1,-1,-1,-1,-1,-1,-1,-1,-1,-1,-1,-1,-1,-1,-1,-1,-1,],])
(5042,backward,[[-1,-1,-1,-1,-1,-1,-1,-1,-1,-1,-1,-1,-1,-1,-1,-1,-1,-1,],[-1,-1,-1,-1,-1,-1,-1,-1,-1,-1,-1,-1,-1,-1,-1,-1,-1,-1,],[-1,-1,-1,-1,-1,-1,-1,-1,-1,-1,-1,-1,-1,-1,-1,-1,-1,-1,],[-1,-1,-1,-1,-1,-1,-1,-1,-1,-1,-1,-1,-1,-1,-1,-1,-1,-1,],])
(5043,forward,[[-1,-1,-1,-1,-1,-1,14857,-1,-1,-1,-1,-1,-1,-1,-1,-1,-1,-1,-1,-1,],])
(5044,forward,[[-1,-1,-1,-1,-1,-1,-1,-1,-1,-1,-1,-1,-1,-1,-1,],])
(5044,backward,[[-1,-1,-1,-1,-1,-1,-1,-1,-1,-1,-1,-1,-1,-1,-1,],])
(5045,forward,[[-1,18333,15226,-1,-1,-1,19208,20199,11316,-1,16669,11864,],[-1,-1,-1,-1,-1,-1,-1,-1,-1,-1,-1,-1,],[-1,-1,-1,-1,-1,-1,-1,-1,-1,-1,-1,-1,],[-1,-1,-1,-1,-1,-1,-1,-1,-1,-1,-1,-1,],])
(5045,backward,[[-1,-1,11018,18494,-1,-1,12888,19481,14351,12475,15692,15973,],[-1,-1,-1,-1,-1,-1,-1,-1,-1,-1,-1,14930,],[-1,-1,-1,-1,-1,-1,-1,-1,-1,-1,-1,-1,],[-1,-1,-1,-1,-1,-1,-1,-1,-1,-1,-1,-1,],])
(5046,forward,[[-1,-1,-1,-1,-1,-1,-1,-1,-1,-1,],[-1,-1,-1,-1,-1,-1,-1,-1,-1,-1,],])
(5046,backward,[[-1,16805,-1,-1,-1,-1,-1,-1,-1,15940,],[-1,-1,-1,-1,-1,-1,-1,-1,-1,17401,],])
(5047,forward,[[18075,-1,-1,-1,-1,-1,17256,-1,-1,-1,-1,-1,-1,-1,-1,-1,-1,-1,],[-1,-1,-1,-1,-1,-1,-1,-1,-1,-1,-1,-1,-1,-1,-1,-1,-1,-1,],])
(5047,backward,[[-1,-1,-1,-1,-1,-1,-1,-1,-1,-1,-1,-1,-1,-1,-1,14226,-1,-1,],[-1,-1,-1,-1,-1,-1,-1,-1,-1,-1,-1,-1,-1,-1,-1,-1,-1,-1,],])
(5048,forward,[[-1,-1,-1,-1,13306,-1,11134,-1,12401,-1,17123,-1,],])
(5048,backward,[[18957,11029,14342,15653,13454,18825,11471,11567,19591,17984,13938,19448,],])
(5049,forward,[[-1,11910,14449,-1,-1,-1,-1,-1,19840,13846,10757,-1,20098,12252,19790,14708,18958,-1,],[-1,-1,-1,-1,-1,-1,-1,-1,13295,-1,-1,-1,-1,-1,-1,-1,-1,-1,],])
(5049,backward,[[-1,-1,-1,-1,-1,-1,-1,-1,-1,-1,-1,-1,17604,-1,-1,-1,-1,-1,],[-1,-1,-1,-1,-1,-1,-1,-1,-1,-1,-1,-1,-1,-1,-1,-1,-1,-1,],])
(5050,forward,[[12595,10054,12308,14665,17554,17414,17176,18286,15265,13701,13723,12028,11945,18618,18219,17740,17974,18671,],[15347,19714,17967,12828,15485,13377,19352,14763,15730,11908,-1,14152,10071,11405,13763,19344,12163,19067,],[13407,10965,10464,17092,12729,12273,13161,16382,11000,19877,-1,11701,-1,13960,10499,13125,-1,13548,],])
(5050,backward,[[16757,18744,-1,15733,11385,17175,15279,-1,-1,14358,13069,20221,16869,19733,19188,16867,19531,13718,],[-1,14426,-1,18109,-1,19873,-1,-1,-1,16483,12662,16571,-1,-1,-1,17091,19870,10724,],[-1,-1,19142,-1,13244,-1,-1,-1,-1,-1,18695,-1,-1,-1,-1,13335,-1,18833,],])
(5051,forward,[[-1,-1,-1,-1,16330,-1,14439,-1,16775,-1,],[-1,-1,-1,-1,-1,-1,-1,-1,-1,-1,],[-1,-1,-1,-1,-1,-1,-1,-1,-1,-1,],])
(5051,backward,[[15114,15378,19101,12024,18067,17613,19071,-1,16644,10327,],[-1,-1,16803,-1,-1,-1,-1,-1,-1,17532,],[-1,-1,-1,-1,-1,-1,-1,-1,-1,-1,],])
(5052,forward,[[10396,12377,10033,18017,-1,10398,-1,-1,-1,12872,-1,15571,13266,18079,12667,],[-1,-1,-1,-1,-1,-1,-1,15187,15174,-1,-1,-1,-1,-1,11152,],[-1,-1,-1,-1,-1,-1,-1,-1,-1,-1,-1,-1,-1,-1,-1,],])
(5052,backward,[[18715,14368,-1,15901,15681,18138,-1,17253,-1,12238,13062,18933,16988,10430,-1,],[-1,-1,-1,-1,-1,-1,-1,-1,-1,-1,17915,-1,-1,-1,-1,],[-1,-1,-1,-1,-1,-1,-1,-1,-1,-1,-1,-1,-1,-1,-1,],])
(5053,forward,[[20034,-1,-1,-1,-1,15935,17955,-1,12270,19051,-1,-1,-1,-1,13213,11359,-1,-1,],[-1,-1,-1,-1,-1,-1,-1,-1,-1,-1,-1,-1,-1,-1,-1,-1,-1,-1,],[-1,-1,-1,-1,-1,-1,-1,-1,-1,-1,-1,-1,-1,-1,-1,-1,-1,-1,],[-1,-1,-1,-1,-1,-1,-1,-1,-1,-1,-1,-1,-1,-1,-1,19800,-1,-1,],])
(5054,forward,[[-1,-1,-1,-1,-1,10553,14481,-1,16681,12728,-1,-1,10036,-1,-1,-1,-1,-1,-1,-1,],[-1,-1,-1,-1,-1,-1,-1,-1,-1,-1,-1,-1,-1,-1,-1,-1,-1,-1,-1,-1,],[-1,-1,-1,-1,-1,-1,-1,-1,-1,-1,-1,-1,-1,-1,-1,-1,-1,-1,-1,-1,],[-1,-1,-1,-1,-1,-1,-1,-1,-1,-1,-1,-1,-1,-1,-1,-1,-1,-1,-1,-1,],[-1,-1,-1,-1,-1,-1,-1,-1,-1,-1,-1,-1,-1,-1,-1,-1,-1,-1,-1,-1,],])
(5054,backward,[[17339,13192,15297,-1,15677,14262,15820,-1,13998,-1,14034,15316,-1,-1,13704,-1,-1,18373,19519,13169,],[-1,-1,-1,-1,18705,-1,-1,-1,-1,-1,-1,-1,-1,-1,-1,-1,-1,-1,17408,-1,],[-1,-1,-1,-1,-1,-1,-1,-1,-1,-1,-1,-1,-1,-1,-1,-1,-1,-1,-1,-1,],[-1,-1,-1,-1,-1,-1,-1,-1,-1,-1,-1,-1,-1,-1,-1,-1,-1,-1,-1,-1,],[-1,-1,-1,-1,-1,-1,-1,-1,-1,-1,-1,-1,-1,-1,-1,-1,-1,-1,-1,-1,],])
(5055,forward,[[18330,12563,14460,14781,16685,12918,-1,-1,-1,-1,-1,-1,-1,-1,-1,],[-1,13564,17359,-1,17114,10367,19260,18434,17387,10168,11343,17939,-1,15473,-1,],[-1,-1,-1,17300,-1,-1,-1,-1,-1,-1,-1,-1,-1,-1,-1,],[-1,-1,-1,-1,-1,-1,-1,-1,-1,-1,-1,-1,-1,-1,-1,],])
(5055,backward,[[19801,16500,16707,-1,-1,16247,11092,17699,-1,18901,19921,17488,-1,17475,-1,],[18940,-1,-1,-1,-1,-1,17860,-1,-1,-1,12507,-1,-1,-1,-1,],[-1,-1,-1,-1,-1,-1,-1,-1,-1,-1,-1,-1,-1,-1,-1,],[-1,-1,-1,-1,-1,-1,-1,-1,-1,-1,-1,-1,-1,-1,-1,],])
(5056,forward,[[-1,-1,-1,-1,-1,-1,-1,-1,-1,-1,-1,-1,-1,-1,-1,-1,-1,-1,],[-1,-1,-1,-1,-1,-1,-1,-1,-1,-1,-1,-1,-1,-1,-1,-1,-1,-1,],[-1,-1,-1,-1,-1,-1,-1,-1,-1,-1,-1,-1,-1,-1,-1,-1,-1,-1,],[-1,-1,-1,-1,-1,-1,-1,-1,-1,-1,-1,-1,-1,-1,-1,-1,-1,-1,],[-1,-1,-1,-1,-1,-1,-1,-1,-1,-1,-1,-1,-1,-1,-1,-1,-1,-1,],])
(5056,backward,[[-1,-1,-1,-1,-1,-1,-1,-1,-1,-1,-1,-1,-1,-1,-1,-1,-1,-1,],[-1,-1,-1,-1,-1,-1,-1,-1,-1,-1,-1,-1,-1,-1,-1,-1,-1,-1,],[-1,-1,-1,-1,-1,-1,-1,-1,-1,-1,-1,-1,-1,-1,-1,-1,-1,-1,],[-1,-1,-1,-1,-1,-1,-1,-1,-1,-1,-1,-1,-1,-1,-1,-1,-1,-1,],[-1,-1,-1,-1,-1,-1,-1,-1,-1,-1,-1,-1,-1,-1,-1,-1,-1,-1,],])
(5057,forward,[[-1,-1,-1,-1,-1,-1,-1,-1,-1,-1,-1,-1,-1,-1,-1,-1,-1,-1,-1,-1,],[-1,-1,-1,-1,-1,-1,-1,-1,-1,-1,-1,-1,-1,-1,-1,-1,-1,-1,-1,-1,],[-1,-1,-1,-1,-1,-1,-1,-1,-1,-1,-1,-1,-1,-1,-1,-1,-1,-1,-1,-1,],])
(5057,backward,[[-1,-1,-1,-1,-1,-1,-1,-1,-1,-1,-1,-1,-1,-1,-1,-1,-1,-1,-1,-1,],[-1,-1,-1,-1,-1,-1,-1,-1,-1,-1,-1,-1,-1,-1,-1,-1,-1,-1,-1,-1,],[-1,-1,-1,-1,-1,-1,-1,-1,-1,-1,-1,-1,-1,-1,-1,-1,-1,-1,-1,-1,],])
(5058,forward,[[-1,-1,-1,-1,15181,11480,-1,-1,14010,-1,-1,16278,],])
(5058,backward,[[-1,-1,-1,-1,12835,15573,20180,-1,16554,-1,17536,13518,],])
(5059,forward,[[-1,-1,-1,-1,-1,-1,-1,-1,-1,-1,-1,-1,-1,-1,-1,-1,-1,-1,],[-1,-1,-1,-1,-1,-1,-1,-1,-1,-1,-1,-1,-1,-1,-1,-1,-1,-1,],[-1,-1,-1,-1,-1,-1,-1,-1,-1,-1,-1,-1,-1,-1,-1,-1,-1,-1,],[-1,-1,-1,-1,-1,-1,-1,-1,-1,-1,-1,-1,-1,-1,-1,-1,-1,-1,],])
(5059,backward,[[-1,-1,17594,17370,-1,-1,-1,-1,-1,-1,13700,17261,-1,-1,10371,-1,10642,-1,],[-1,-1,-1,-1,-1,-1,-1,-1,-1,-1,-1,16761,-1,-1,-1,-1,-1,-1,],[-1,-1,-1,-1,-1,-1,-1,-1,-1,-1,-1,-1,-1,-1,-1,-1,-1,-1,],[-1,-1,-1,-1,-1,-1,-1,-1,-1,-1,-1,-1,-1,-1,-1,-1,-1,-1,],])
(5060,forward,[[-1,-1,-1,-1,-1,-1,-1,-1,-1,-1,-1,-1,-1,-1,-1,-1,-1,-1,-1,-1,],[-1,-1,-1,-1,-1,-1,-1,-1,-1,-1,-1,-1,-1,-1,-1,-1,-1,-1,-1,-1,],[-1,-1,-1,-1,-1,-1,-1,-1,-1,-1,-1,-1,-1,-1,-1,-1,-1,-1,-1,-1,],[-1,-1,-1,-1,-1,-1,-1,-1,-1,-1,-1,-1,-1,-1,-1,-1,-1,-1,-1,-1,],])
(5060,backward,[[-1,-1,-1,-1,-1,-1,-1,-1,-1,-1,-1,-1,-1,-1,-1,-1,-1,-1,-1,-1,],[-1,-1,-1,-1,-1,-1,-1,-1,-1,-1,-1,-1,-1,-1,-1,-1,-1,-1,-1,-1,],[-1,-1,-1,-1,-1,-1,-1,-1,-1,-1,-1,-1,-1,-1,-1,-1,-1,-1,-1,-1,],[-1,-1,-1,-1,-1,-1,-1,-1,-1,-1,-1,-1,-1,-1,-1,-1,-1,-1,-1,-1,],])
(5061,forward,[[-1,-1,-1,-1,-1,-1,-1,-1,-1,-1,-1,-1,-1,-1,-1,-1,-1,-1,-1,-1,],[-1,-1,-1,-1,-1,-1,-1,-1,-1,-1,-1,-1,-1,-1,-1,-1,-1,-1,-1,-1,],])
(5061,backward,[[-1,-1,-1,-1,-1,-1,-1,-1,-1,-1,-1,-1,-1,-1,-1,-1,-1,-1,-1,-1,],[-1,-1,-1,-1,-1,-1,-1,-1,-1,-1,-1,-1,-1,-1,-1,-1,-1,-1,-1,-1,],])
(5062,forward,[[17671,-1,15205,-1,14323,-1,13206,-1,15904,18624,-1,-1,16703,10515,16061,-1,-1,-1,],[-1,-1,-1,-1,-1,-1,-1,-1,-1,-1,-1,-1,-1,-1,-1,-1,-1,-1,],[-1,-1,-1,-1,-1,-1,-1,-1,-1,-1,-1,-1,-1,-1,-1,-1,-1,-1,],[-1,-1,-1,-1,-1,-1,-1,-1,-1,-1,-1,-1,-1,-1,-1,-1,-1,-1,],[-1,-1,-1,-1,-1,-1,-1,-1,-1,-1,-1,-1,-1,-1,-1,-1,-1,-1,],])
(5062,backward,[[17850,12576,-1,-1,-1,14378,18828,15670,-1,17788,11733,15538,15236,14959,12849,-1,-1,-1,],[13910,11568,-1,-1,-1,10736,-1,13699,16999,15769,-1,-1,11091,11133,-1,-1,-1,-1,],[11890,-1,-1,-1,-1,-1,-1,-1,-1,-1,-1,-1,-1,-1,-1,-1,-1,-1,],[-1,-1,-1,-1,-1,-1,-1,-1,-1,-1,-1,-1,-1,-1,-1,-1,-1,-1,],[-1,-1,-1,-1,-1,-1,-1,-1,-1,-1,-1,-1,-1,-1,-1,-1,-1,-1,],])
(5063,forward,[[-1,-1,-1,-1,12777,-1,-1,-1,-1,-1,14179,-1,-1,-1,13925,-1,-1,-1,-1,-1,],[-1,-1,11663,-1,-1,-1,-1,-1,-1,-1,-1,-1,-1,-1,-1,-1,-1,-1,-1,-1,],[-1,-1,-1,-1,-1,-1,-1,-1,-1,-1,-1,-1,-1,-1,-1,-1,-1,-1,-1,-1,],])
(5063,backward,[[-1,-1,-1,-1,-1,-1,-1,-1,-1,-1,-1,-1,-1,-1,-1,-1,-1,-1,-1,-1,],[-1,-1,-1,-1,-1,-1,-1,-1,-1,-1,-1,-1,-1,-1,-1,-1,-1,-1,-1,-1,],[-1,-1,-1,-1,-1,-1,-1,-1,-1,-1,-1,-1,-1,-1,-1,-1,-1,-1,-1,-1,],])
(5064,forward,[[12355,-1,10876,13117,19070,14058,13721,17819,17973,12275,18277,11211,],[19136,13302,13625,17174,15048,17810,15335,14014,15138,12581,12996,19184,],[15810,17337,13099,10805,15384,16908,20171,14466,14416,18059,12291,10124,],[11921,10571,15561,17116,11634,19677,12320,12033,19398,16283,19549,17943,],])
(5064,backward,[[20105,12466,18366,-1,14195,18132,18478,-1,10393,10718,-1,19072,],[12229,-1,-1,-1,-1,17372,-1,-1,12931,13173,-1,-1,],[-1,-1,-1,-1,-1,14267,-1,-1,-1,11674,-1,-1,],[15267,-1,-1,-1,-1,20061,-1,-1,-1,-1,-1,-1,],])
(5065,forward,[[-1,-1,-1,-1,-1,15176,-1,15590,-1,-1,18966,-1,],[-1,-1,-1,-1,-1,-1,-1,-1,-1,-1,-1,-1,],[-1,-1,-1,-1,-1,-1,-1,-1,-1,-1,-1,-1,],])
(5065,backward,[[20136,-1,-1,15616,-1,-1,-1,-1,-1,-1,-1,-1,],[-1,-1,-1,-1,-1,-1,-1,-1,-1,-1,-1,-1,],[-1,-1,-1,-1,-1,-1,-1,-1,-1,-1,-1,-1,],])
(5066,forward,[[14330,-1,11201,-1,-1,-1,-1,-1,-1,-1,-1,-1,-1,-1,-1,-1,-1,-1,],[-1,-1,-1,-1,-1,-1,-1,-1,-1,-1,16595,17547,-1,-1,-1,12948,15932,12813,],[-1,-1,-1,-1,-1,-1,-1,-1,-1,-1,-1,-1,-1,-1,-1,11108,-1,19809,],[-1,-1,-1,-1,-1,-1,-1,-1,-1,-1,-1,-1,-1,-1,-1,-1,-1,-1,],[-1,-1,-1,-1,-1,-1,-1,-1,-1,-1,-1,-1,-1,-1,-1,-1,-1,-1,],])
(5066,backward,[[18809,18024,-1,-1,16050,13741,-1,-1,15416,10883,-1,15085,-1,-1,-1,-1,13558,12919,],[-1,-1,-1,-1,-1,-1,-1,-1,-1,16890,-1,13116,-1,-1,-1,-1,-1,10702,],[-1,-1,-1,-1,-1,-1,-1,-1,19673,-1,11060,-1,-1,-1,-1,-1,-1,13644,],[-1,-1,-1,-1,-1,-1,-1,-1,-1,-1,-1,-1,-1,-1,-1,-1,12861,-1,],[-1,-1,-1,-1,-1,-1,-1,-1,-1,-1,-1,-1,-1,-1,-1,-1,-1,-1,],])
(5067,forward,[[-1,-1,-1,14229,12491,12588,19859,-1,-1,13969,-1,-1,-1,-1,18121,15323,11169,12467,10389,11036,],[-1,-1,-1,-1,-1,-1,-1,-1,-1,-1,-1,-1,-1,-1,-1,-1,-1,13154,-1,-1,],])
(5067,backward,[[15912,-1,15242,14118,-1,-1,-1,-1,-1,-1,19019,-1,15679,-1,-1,-1,-1,-1,-1,-1,],[-1,-1,-1,-1,-1,-1,-1,-1,-1,-1,-1,-1,-1,-1,-1,-1,-1,-1,-1,-1,],])
(5068,forward,[[-1,-1,-1,-1,-1,-1,-1,-1,-1,-1,-1,-1,16318,-1,-1,],[-1,-1,-1,-1,-1,-1,-1,-1,-1,-1,-1,-1,-1,-1,-1,],])
(5068,backward,[[13242,-1,-1,16821,-1,-1,-1,12014,10177,16397,18626,-1,-1,-1,-1,],[-1,-1,-1,-1,-1,-1,-1,12345,-1,-1,-1,-1,-1,-1,-1,],])
(5069,forward,[[15549,16762,18071,18153,10338,13640,11574,15517,-1,-1,],[-1,-1,-1,-1,-1,-1,-1,16985,12004,17925,],[-1,-1,-1,-1,-1,-1,-1,-1,-1,-1,],])
(5069,backward,[[14909,-1,-1,-1,-1,-1,19881,-1,-1,-1,],[-1,-1,-1,-1,-1,-1,-1,-1,-1,-1,],[-1,-1,-1,-1,-1,-1,-1,-1,-1,-1,],])
(5070,forward,[[-1,-1,-1,-1,-1,-1,19787,-1,-1,-1,-1,-1,],])
(5070,backward,[[15098,19165,17225,-1,-1,-1,-1,-1,-1,-1,-1,18340,],])
(5071,forward,[[-1,-1,19239,-1,19373,-1,14369,-1,13604,17877,-1,20044,],[-1,-1,-1,-1,-1,-1,-1,-1,-1,-1,12053,-1,],[-1,-1,-1,-1,-1,-1,-1,-1,-1,16463,10449,-1,],[-1,-1,-1,-1,-1,-1,-1,-1,-1,-1,-1,-1,],[-1,-1,-1,-1,-1,-1,-1,-1,-1,-1,-1,-1,],])
(5071,backward,[[-1,-1,-1,-1,-1,-1,-1,11739,-1,10561,-1,16497,],[-1,-1,-1,-1,-1,-1,-1,11906,-1,-1,14741,-1,],[-1,-1,-1,-1,-1,-1,-1,14120,-1,-1,-1,-1,],[17194,-1,-1,-1,-1,-1,-1,-1,-1,-1,-1,-1,],[-1,-1,-1,-1,-1,-1,-1,-1,-1,-1,-1,-1,],])
(5072,forward,[[12208,10333,15155,17286,10137,11981,17079,13305,11113,18280,],[18432,16793,14987,17366,14632,18203,19917,14526,11278,10469,],[17001,12063,12751,19306,14340,10776,11931,18775,19056,18066,],])
(5072,backward,[[14594,-1,12898,-1,14761,-1,13603,18760,16073,18795,],[-1,-1,-1,-1,-1,-1,-1,16252,17054,-1,],[-1,-1,-1,-1,-1,-1,13299,-1,-1,-1,],])
(5073,forward,[[-1,-1,-1,-1,-1,12049,-1,18865,-1,12412,-1,11773,],[-1,-1,-1,-1,-1,-1,-1,15252,-1,-1,-1,14813,],[-1,-1,-1,-1,-1,-1,-1,-1,-1,-1,19743,-1,],[-1,-1,-1,-1,-1,-1,-1,-1,-1,-1,-1,-1,],[-1,-1,-1,-1,-1,-1,-1,-1,-1,-1,-1,-1,],])
(5073,backward,[[16850,13393,-1,-1,18831,17101,11741,14753,14298,15725,-1,-1,],[-1,17014,-1,-1,-1,-1,-1,12328,-1,14006,-1,-1,],[-1,16300,-1,-1,-1,-1,-1,-1,-1,-1,-1,-1,],[-1,-1,-1,-1,-1,-1,-1,-1,-1,-1,-1,-1,],[-1,-1,-1,-1,-1,-1,-1,-1,-1,-1,-1,-1,],])
(5074,forward,[[-1,-1,-1,-1,-1,-1,-1,-1,-1,-1,-1,-1,-1,-1,-1,],[-1,-1,-1,-1,-1,-1,-1,-1,-1,-1,-1,-1,-1,-1,-1,],[-1,-1,-1,-1,-1,-1,-1,-1,-1,-1,-1,-1,-1,-1,-1,],[-1,-1,-1,-1,-1,-1,-1,-1,-1,-1,-1,-1,-1,-1,-1,],])
(5075,forward,[[-1,-1,10840,14231,11503,-1,14048,13126,10599,-1,],[-1,-1,-1,12011,-1,-1,-1,-1,-1,-1,],])
(5075,backward,[[-1,-1,-1,-1,-1,-1,-1,-1,-1,-1,],[-1,-1,-1,-1,-1,-1,-1,-1,-1,-1,],])
(5076,forward,[[-1,12734,-1,14989,-1,-1,-1,-1,-1,-1,-1,13143,-1,-1,-1,-1,-1,-1,],[-1,-1,-1,-1,-1,16385,-1,-1,-1,-1,-1,-1,-1,-1,-1,-1,-1,-1,],[-1,-1,-1,-1,-1,-1,-1,-1,-1,-1,-1,-1,-1,-1,-1,-1,-1,-1,],[-1,-1,-1,-1,-1,-1,-1,-1,-1,-1,-1,-1,-1,-1,-1,-1,-1,-1,],[-1,-1,-1,-1,-1,-1,-1,-1,-1,-1,-1,-1,-1,-1,-1,-1,-1,-1,],])
(5076,backward,[[-1,-1,18819,-1,-1,-1,-1,-1,-1,-1,-1,-1,-1,-1,-1,-1,-1,-1,],[-1,-1,-1,-1,-1,-1,-1,-1,-1,-1,-1,-1,-1,-1,-1,-1,-1,-1,],[-1,-1,-1,-1,-1,-1,-1,-1,-1,-1,-1,-1,-1,-1,-1,-1,-1,-1,],[-1,-1,-1,-1,-1,-1,-1,-1,-1,-1,-1,-1,-1,-1,-1,-1,-1,-1,],[-1,-1,-1,-1,-1,-1,-1,-1,-1,-1,-1,-1,-1,-1,-1,-1,-1,-1,],])
(5077,forward,[[16631,18906,-1,-1,-1,-1,-1,-1,-1,-1,-1,-1,-1,14475,-1,],[-1,-1,-1,-1,-1,-1,-1,-1,-1,-1,-1,-1,-1,-1,-1,],[-1,-1,-1,-1,-1,-1,-1,-1,-1,-1,-1,-1,-1,-1,-1,],])
(5077,backward,[[-1,17440,-1,-1,-1,17912,-1,18236,-1,15597,-1,-1,-1,-1,-1,],[-1,-1,-1,-1,-1,-1,-1,-1,-1,-1,-1,-1,-1,-1,-1,],[-1,-1,-1,-1,-1,-1,-1,-1,-1,-1,-1,-1,-1,-1,-1,],])
(5078,forward,[[-1,-1,16461,16231,11349,15873,-1,-1,13064,-1,],])
(5078,backward,[[19687,13399,17686,18228,10320,-1,-1,-1,15816,-1,],])
(5079,forward,[[-1,-1,-1,-1,-1,15587,-1,-1,-1,17656,],[-1,12647,-1,-1,-1,-1,-1,-1,-1,-1,],[-1,-1,-1,-1,-1,-1,-1,-1,-1,-1,],[-1,-1,-1,-1,-1,-1,-1,-1,-1,-1,],])
(5079,backward,[[-1,-1,-1,13934,12411,10772,14052,-1,-1,-1,],[-1,-1,-1,-1,-1,-1,-1,-1,-1,-1,],[-1,-1,-1,-1,-1,-1,-1,-1,-1,-1,],[-1,-1,-1,-1,-1,-1,-1,-1,-1,-1,],])
(5080,forward,[[17085,15019,18700,10899,15437,13635,10596,18976,10348,18464,],[11825,19502,15449,16907,13517,10835,19571,17902,15458,10467,],])
(5081,forward,[[-1,-1,10777,12151,16373,16861,14911,-1,15167,14806,],[-1,-1,-1,-1,-1,10085,-1,-1,-1,-1,],])
(5081,backward,[[11074,15532,10287,12432,12109,12305,19667,-1,14163,-1,],[-1,-1,-1,-1,-1,-1,-1,-1,-1,-1,],])
(5082,forward,[[11648,-1,-1,-1,16516,16641,-1,20191,13858,18480,-1,-1,14606,13940,14285,19521,-1,-1,],[-1,-1,-1,-1,-1,-1,-1,14313,-1,-1,-1,-1,-1,-1,-1,-1,-1,-1,],])
(5082,backward,[[17497,-1,-1,-1,-1,-1,-1,-1,-1,-1,-1,-1,-1,-1,-1,-1,-1,-1,],[-1,-1,-1,-1,-1,-1,-1,-1,-1,-1,-1,-1,-1,-1,-1,-1,-1,-1,],])
(5083,forward,[[14405,-1,11916,14295,19116,16087,15831,13623,12092,17951,],])
(5083,backward,[[14533,-1,-1,-1,-1,10176,16184,-1,-1,-1,],])
(5084,forward,[[-1,-1,-1,-1,-1,-1,-1,-1,-1,-1,-1,-1,-1,-1,-1,],[-1,-1,-1,-1,14203,-1,-1,-1,-1,-1,-1,-1,-1,-1,-1,],[-1,-1,-1,-1,-1,-1,-1,-1,-1,-1,-1,-1,-1,-1,-1,],[-1,-1,-1,-1,-1,-1,-1,-1,-1,-1,-1,-1,-1,-1,-1,],])
(5084,backward,[[-1,-1,11483,-1,-1,-1,-1,-1,-1,-1,-1,-1,10851,-1,-1,],[-1,-1,-1,-1,-1,-1,-1,-1,-1,-1,-1,-1,-1,-1,-1,],[-1,-1,-1,-1,-1,-1,-1,-1,-1,-1,-1,-1,-1,-1,-1,],[-1,-1,-1,-1,-1,-1,-1,-1,-1,-1,-1,-1,-1,-1,-1,],])
(5085,forward,[[-1,-1,-1,-1,-1,-1,-1,-1,-1,-1,-1,-1,-1,-1,-1,],[-1,-1,-1,-1,-1,-1,-1,-1,-1,-1,-1,-1,-1,-1,-1,],[-1,-1,-1,-1,-1,-1,-1,-1,-1,-1,-1,-1,-1,-1,-1,],[-1,-1,-1,-1,-1,-1,-1,-1,-1,-1,-1,-1,-1,-1,-1,],[-1,-1,-1,-1,-1,-1,-1,-1,-1,-1,-1,-1,-1,-1,-1,],])
(5086,forward,[[-1,-1,-1,-1,-1,-1,-1,14652,-1,-1,],[-1,-1,-1,-1,-1,-1,-1,-1,-1,-1,],])
(5086,backward,[[12752,-1,-1,-1,-1,-1,14275,-1,-1,-1,],[-1,-1,-1,-1,-1,-1,-1,-1,-1,-1,],])
(5087,forward,[[18354,-1,17413,16473,14625,10293,19169,13241,19862,19479,],])
(5087,backward,[[-1,-1,-1,-1,-1,-1,-1,-1,-1,-1,],])
(5088,forward,[[17463,-1,-1,-1,-1,-1,19137,16016,17331,-1,],[-1,-1,-1,-1,-1,-1,-1,-1,-1,-1,],[-1,-1,-1,-1,-1,-1,-1,-1,-1,-1,],[-1,-1,-1,-1,-1,-1,-1,-1,-1,-1,],])
(5088,backward,[[-1,-1,-1,-1,-1,-1,16774,-1,-1,-1,],[-1,-1,-1,-1,-1,-1,-1,-1,-1,-1,],[-1,-1,-1,-1,-1,-1,-1,-1,-1,-1,],[-1,-1,-1,-1,-1,-1,-1,-1,-1,-1,],])
(5089,forward,[[-1,-1,-1,-1,-1,-1,20124,-1,-1,-1,-1,-1,19910,-1,-1,-1,-1,-1,],[-1,-1,-1,-1,-1,-1,-1,-1,-1,-1,-1,-1,-1,-1,-1,-1,-1,-1,],[-1,-1,-1,-1,-1,-1,-1,-1,-1,-1,-1,-1,-1,-1,-1,-1,-1,-1,],[-1,-1,-1,-1,-1,-1,-1,-1,-1,-1,-1,-1,-1,-1,-1,-1,-1,-1,],[-1,-1,-1,-1,-1,-1,-1,-1,-1,-1,-1,-1,-1,-1,-1,-1,-1,-1,],])
(5089,backward,[[15298,14269,17917,-1,-1,19269,17592,-1,-1,-1,13076,-1,-1,-1,19641,-1,-1,-1,],[-1,-1,-1,-1,-1,-1,-1,-1,-1,-1,-1,-1,-1,-1,-1,-1,-1,-1,],[-1,-1,-1,-1,-1,-1,-1,-1,-1,-1,-1,-1,-1,-1,-1,-1,-1,-1,],[-1,-1,-1,-1,-1,-1,-1,-1,-1,-1,-1,-1,-1,-1,-1,-1,-1,-1,],[-1,-1,-1,-1,-1,-1,-1,-1,-1,-1,-1,-1,-1,-1,-1,-1,-1,-1,],])
(5090,forward,[[-1,-1,10254,12200,-1,-1,-1,-1,18562,-1,-1,-1,-1,15641,-1,],])
(5090,backward,[[-1,10928,-1,-1,-1,-1,-1,16282,-1,-1,-1,10914,15001,19798,-1,],])
(5091,forward,[[-1,-1,10577,-1,15208,-1,10272,-1,12245,-1,14103,14382,18821,11529,-1,-1,12194,-1,],[-1,-1,-1,-1,-1,-1,-1,-1,-1,-1,-1,-1,-1,-1,-1,-1,-1,-1,],[-1,-1,-1,-1,-1,-1,-1,-1,-1,-1,-1,-1,-1,-1,-1,-1,-1,-1,],[-1,-1,-1,-1,-1,-1,-1,-1,-1,-1,-1,-1,-1,-1,-1,-1,-1,-1,],])
(5091,backward,[[18912,-1,11560,14153,-1,-1,16928,-1,10386,-1,-1,-1,-1,-1,-1,-1,-1,-1,],[-1,-1,19713,-1,-1,-1,-1,-1,-1,-1,-1,-1,-1,-1,-1,-1,-1,-1,],[-1,-1,-1,-1,-1,-1,-1,-1,-1,-1,-1,-1,-1,-1,-1,-1,-1,-1,],[-1,-1,-1,-1,-1,-1,-1,-1,-1,-1,-1,-1,-1,-1,-1,-1,-1,-1,],])
(5092,forward,[[-1,-1,17767,18011,-1,-1,-1,-1,14717,-1,-1,-1,-1,-1,-1,],])
(5092,backward,[[-1,18470,-1,-1,-1,-1,-1,-1,-1,19970,-1,-1,16785,-1,-1,],])
(5093,forward,[[-1,-1,-1,-1,-1,11233,-1,-1,-1,-1,-1,19580,-1,20057,-1,-1,-1,-1,-1,14891,],])
(5093,backward,[[-1,-1,-1,-1,-1,-1,-1,-1,-1,-1,-1,-1,-1,-1,-1,-1,-1,-1,-1,-1,],])
(5094,forward,[[-1,16094,-1,13685,-1,-1,-1,-1,-1,11313,],[11708,11551,-1,-1,16883,-1,-1,12421,15270,16501,],[-1,-1,-1,-1,-1,-1,-1,-1,-1,-1,],])
(5094,backward,[[-1,17577,12881,19493,12081,-1,-1,-1,-1,-1,],[16679,12499,-1,19002,-1,-1,-1,-1,-1,-1,],[-1,13612,-1,-1,-1,-1,-1,-1,-1,-1,],])
(5095,forward,[[-1,-1,-1,-1,-1,-1,-1,-1,17941,-1,19466,-1,11275,-1,-1,14701,-1,-1,],[-1,-1,-1,-1,-1,-1,-1,-1,-1,-1,-1,-1,-1,-1,-1,-1,-1,-1,],])
(5095,backward,[[-1,-1,-1,-1,-1,-1,-1,-1,-1,-1,-1,-1,-1,-1,-1,-1,-1,-1,],[-1,-1,-1,-1,-1,-1,-1,-1,-1,-1,-1,-1,-1,-1,-1,-1,-1,-1,],])
(5096,forward,[[-1,-1,-1,-1,-1,-1,-1,-1,-1,-1,-1,18301,],[-1,-1,-1,14438,-1,-1,-1,-1,-1,-1,-1,-1,],[-1,-1,10002,-1,-1,-1,-1,-1,-1,-1,-1,-1,],])
(5096,backward,[[-1,-1,10501,-1,-1,-1,-1,-1,10273,-1,-1,-1,],[-1,-1,-1,-1,-1,-1,-1,-1,-1,-1,-1,-1,],[-1,-1,-1,-1,-1,-1,-1,-1,-1,-1,-1,-1,],])
(5097,forward,[[11218,10392,-1,-1,17572,18646,-1,-1,13057,12545,-1,-1,13291,11867,-1,],])
(5097,backward,[[-1,-1,-1,-1,-1,-1,-1,-1,-1,-1,-1,-1,-1,-1,-1,],])
(5098,forward,[[-1,-1,-1,-1,-1,-1,-1,-1,-1,-1,-1,-1,-1,-1,-1,-1,-1,-1,],[-1,-1,-1,-1,-1,-1,-1,-1,-1,-1,-1,-1,-1,-1,-1,-1,-1,-1,],])
(5098,backward,[[-1,-1,-1,-1,-1,-1,-1,-1,-1,-1,-1,-1,-1,-1,-1,-1,-1,-1,],[-1,-1,-1,-1,-1,-1,-1,-1,-1,-1,-1,-1,-1,-1,-1,-1,-1,-1,],])
(5099,forward,[[-1,-1,-1,-1,-1,-1,-1,-1,-1,-1,-1,-1,-1,-1,-1,-1,-1,-1,],[-1,-1,-1,-1,-1,-1,-1,-1,-1,-1,-1,-1,-1,-1,-1,-1,-1,-1,],[-1,-1,-1,-1,-1,-1,-1,-1,-1,-1,-1,-1,-1,-1,-1,-1,-1,-1,],])
(5099,backward,[[-1,-1,-1,-1,-1,-1,-1,-1,-1,-1,-1,-1,-1,-1,-1,-1,-1,-1,],[-1,-1,-1,-1,-1,-1,-1,-1,-1,-1,-1,-1,-1,-1,-1,-1,-1,-1,],[-1,-1,-1,-1,-1,-1,-1,-1,-1,-1,-1,-1,-1,-1,-1,-1,-1,-1,],])
(5100,forward,[[-1,-1,-1,-1,-1,-1,-1,-1,-1,-1,-1,-1,-1,-1,-1,],[-1,-1,-1,-1,-1,-1,-1,-1,-1,-1,-1,-1,-1,-1,-1,],[-1,-1,-1,-1,-1,-1,-1,-1,-1,-1,-1,-1,-1,-1,-1,],])
(5100,backward,[[-1,-1,-1,-1,-1,-1,-1,-1,-1,-1,-1,-1,-1,-1,-1,],[-1,-1,-1,-1,-1,-1,-1,-1,-1,-1,-1,-1,-1,-1,-1,],[-1,-1,-1,-1,-1,-1,-1,-1,-1,-1,-1,-1,-1,-1,-1,],])
(5101,forward,[[-1,-1,-1,-1,-1,-1,-1,-1,-1,-1,-1,-1,-1,-1,-1,],])
(5101,backward,[[-1,-1,-1,-1,-1,-1,-1,-1,-1,-1,-1,-1,-1,-1,-1,],])
(5102,forward,[[-1,-1,-1,-1,-1,-1,-1,-1,17531,-1,],[-1,-1,-1,-1,-1,-1,14415,12317,-1,-1,],[-1,-1,-1,-1,-1,18830,-1,-1,-1,-1,],[-1,-1,-1,-1,-1,-1,-1,-1,-1,-1,],[-1,-1,-1,-1,-1,-1,-1,-1,-1,-1,],])
(5102,backward,[[-1,-1,-1,-1,11047,-1,19254,13822,10509,-1,],[-1,-1,-1,-1,-1,-1,-1,-1,-1,-1,],[-1,-1,-1,-1,-1,-1,-1,-1,-1,-1,],[-1,-1,-1,-1,-1,-1,-1,-1,-1,-1,],[-1,-1,-1,-1,-1,-1,-1,-1,-1,-1,],])
(5103,forward,[[-1,-1,-1,19726,15374,-1,18113,-1,-1,-1,-1,-1,],[-1,-1,-1,-1,-1,-1,-1,-1,-1,-1,-1,-1,],[-1,-1,-1,-1,-1,-1,-1,-1,-1,-1,-1,-1,],[-1,-1,-1,-1,-1,-1,-1,-1,-1,-1,-1,-1,],[-1,-1,-1,-1,-1,-1,-1,-1,-1,-1,-1,-1,],])
(5103,backward,[[12833,17068,16494,13571,11982,-1,-1,-1,-1,-1,15075,-1,],[-1,-1,-1,-1,-1,-1,-1,-1,-1,-1,-1,-1,],[-1,-1,-1,-1,-1,-1,-1,-1,-1,-1,-1,-1,],[-1,-1,-1,-1,-1,-1,-1,-1,-1,-1,-1,-1,],[-1,-1,-1,-1,-1,-1,-1,-1,-1,-1,-1,-1,],])
(5104,forward,[[17323,-1,-1,-1,-1,-1,-1,10986,-1,-1,-1,-1,-1,15352,-1,-1,-1,11640,-1,-1,],[-1,-1,-1,-1,-1,-1,-1,-1,-1,-1,-1,-1,-1,-1,-1,-1,-1,20128,-1,-1,],[-1,-1,-1,-1,-1,-1,-1,-1,-1,-1,-1,-1,-1,-1,-1,-1,-1,-1,-1,-1,],[-1,-1,-1,-1,-1,-1,-1,-1,-1,-1,-1,-1,-1,-1,-1,-1,-1,-1,-1,-1,],[-1,-1,-1,-1,-1,-1,-1,-1,-1,-1,-1,-1,-1,-1,-1,-1,-1,-1,-1,-1,],])
(5104,backward,[[-1,-1,-1,-1,11004,18281,19386,-1,15648,16918,17946,-1,-1,-1,-1,-1,-1,-1,-1,-1,],[-1,-1,-1,-1,-1,-1,-1,-1,-1,-1,-1,-1,-1,-1,-1,-1,-1,-1,-1,-1,],[-1,-1,-1,-1,-1,-1,-1,-1,-1,-1,-1,-1,-1,-1,-1,-1,-1,-1,-1,-1,],[-1,-1,-1,-1,-1,-1,-1,-1,-1,-1,-1,-1,-1,-1,-1,-1,-1,-1,-1,-1,],[-1,-1,-1,-1,-1,-1,-1,-1,-1,-1,-1,-1,-1,-1,-1,-1,-1,-1,-1,-1,],])
